rawODOMETRY 0.0000000 0.0000000 0.0000000
rawODOMETRY 0.0000000 0.0000000 0.0000000
rawODOMETRY 0.0182247 0.0000051 0.0000000
rawODOMETRY 0.0495483 -0.0000640 -0.0029975
rawODOMETRY 0.1030833 -0.0001733 -0.0029975
rawODOMETRY 0.1287108 -0.0003414 -0.0179849
rawODOMETRY 0.1611593 -0.0012845 -0.0389673
rawODOMETRY 0.1736739 -0.0018903 -0.0629472
rawODOMETRY 0.2082605 -0.0051297 -0.1079095
rawODOMETRY 0.2376551 -0.0087227 -0.1438793
rawODOMETRY 0.2528593 -0.0110212 -0.1468768
rawODOMETRY 0.2864595 -0.0172134 -0.2068266
rawODOMETRY 0.3231501 -0.0253761 -0.2308064
rawODOMETRY 0.3436151 -0.0303966 -0.2577838
rawODOMETRY 0.3808739 -0.0409577 -0.2877587
rawODOMETRY 0.4294921 -0.0571537 -0.3596984
rawODOMETRY 0.4778069 -0.0773994 -0.4136531
rawODOMETRY 0.4720931 -0.0748305 -0.4166506
rawODOMETRY 0.4841236 -0.0800119 -0.4016632
rawODOMETRY 0.5159410 -0.0924659 -0.3537034
rawODOMETRY 0.5293249 -0.0973230 -0.3447109
rawODOMETRY 0.5579100 -0.1070142 -0.3117386
rawODOMETRY 0.5778842 -0.1137242 -0.3447109
rawODOMETRY 0.6188159 -0.1294553 -0.3656933
rawODOMETRY 0.6517572 -0.1436596 -0.4406305
rawODOMETRY 0.6747853 -0.1549025 -0.4736028
rawODOMETRY 0.6974201 -0.1669183 -0.5125702
rawODOMETRY 0.7191667 -0.1793695 -0.5245601
rawODOMETRY 0.7464657 -0.1958578 -0.5545350
rawODOMETRY 0.7581163 -0.2030054 -0.5605299
rawODOMETRY 0.7762911 -0.2147542 -0.5785148
rawODOMETRY 0.7896474 -0.2234663 -0.5845098
rawODOMETRY 0.8156088 -0.2409922 -0.5994973
rawODOMETRY 0.8400048 -0.2577802 -0.6234771
rawODOMETRY 0.8465027 -0.2624007 -0.6174822
rawODOMETRY 0.8538986 -0.2677238 -0.6234771
rawODOMETRY 0.8857946 -0.2916381 -0.6534520
rawODOMETRY 0.8998646 -0.3023024 -0.6624445
rawODOMETRY 0.9088385 -0.3093175 -0.6684394
rawODOMETRY 0.9261681 -0.3232108 -0.6834269
rawODOMETRY 0.9363569 -0.3314430 -0.6804294
rawODOMETRY 0.9412066 -0.3354088 -0.6954168
rawODOMETRY 0.9618265 -0.3524768 -0.6924193
rawODOMETRY 0.9766960 -0.3648786 -0.7163992
rawODOMETRY 0.9937799 -0.3799484 -0.7343841
rawODOMETRY 1.0142389 -0.3989268 -0.7373816
rawODOMETRY 1.0266900 -0.4106258 -0.7733515
rawODOMETRY 1.0407314 -0.4247732 -0.7943339
rawODOMETRY 1.0435160 -0.4276262 -0.8033263
rawODOMETRY 1.0544977 -0.4391884 -0.8213112
rawODOMETRY 1.0703322 -0.4563497 -0.8303037
rawODOMETRY 1.0913171 -0.4803643 -0.8662735
rawODOMETRY 1.0969244 -0.4868091 -0.8572811
rawODOMETRY 1.1068474 -0.4985551 -0.8842584
rawODOMETRY 1.1168825 -0.5109482 -0.8962484
rawODOMETRY 1.1274730 -0.5243555 -0.9082383
rawODOMETRY 1.1351060 -0.5342914 -0.9202283
rawODOMETRY 1.1511450 -0.5557214 -0.9232258
rawODOMETRY 1.1566189 -0.5630064 -0.9292207
rawODOMETRY 1.1720444 -0.5834726 -0.9202283
rawODOMETRY 1.1955319 -0.6142648 -0.9082383
rawODOMETRY 1.1986505 -0.6183326 -0.9172308
rawODOMETRY 1.2168831 -0.6423883 -0.9202283
rawODOMETRY 1.2213828 -0.6482679 -0.9172308
rawODOMETRY 1.2295627 -0.6592184 -0.9352157
rawODOMETRY 1.2386355 -0.6716336 -0.9442082
rawODOMETRY 1.2491720 -0.6865032 -0.9681881
rawODOMETRY 1.2629418 -0.7067546 -0.9831755
rawODOMETRY 1.2725529 -0.7215636 -1.0161478
rawODOMETRY 1.2892028 -0.7500886 -1.0641076
rawODOMETRY 1.2944234 -0.7595669 -1.0731001
rawODOMETRY 1.3067850 -0.7845798 -1.1420423
rawODOMETRY 1.3158655 -0.8048490 -1.1690196
rawODOMETRY 1.3206581 -0.8164255 -1.1870046
rawODOMETRY 1.3267239 -0.8330033 -1.2439568
rawODOMETRY 1.3303209 -0.8438106 -1.2679367
rawODOMETRY 1.3332853 -0.8536239 -1.2799266
rawODOMETRY 1.3383448 -0.8729021 -1.3368789
rawODOMETRY 1.3415354 -0.8873604 -1.3788437
rawODOMETRY 1.3440609 -0.9007934 -1.3968286
rawODOMETRY 1.3469966 -0.9187799 -1.4148135
rawODOMETRY 1.3476706 -0.9232859 -1.4327984
rawODOMETRY 1.3491665 -0.9345776 -1.4447884
rawODOMETRY 1.3514141 -0.9566733 -1.4897507
rawODOMETRY 1.3523481 -0.9680253 -1.4957456
rawODOMETRY 1.3532014 -0.9839485 -1.5257205
rawODOMETRY 1.3536568 -1.0112782 -1.5796753
rawODOMETRY 1.3534976 -1.0226672 -1.6036551
rawODOMETRY 1.3526891 -1.0408736 -1.6276350
rawODOMETRY 1.3509914 -1.0624473 -1.6636049
rawODOMETRY 1.3489470 -1.0799821 -1.7085672
rawODOMETRY 1.3454505 -1.1024915 -1.7505320
rawODOMETRY 1.3429264 -1.1159250 -1.7625219
rawODOMETRY 1.3395274 -1.1320872 -1.7894993
rawODOMETRY 1.3358285 -1.1475969 -1.8314641
rawODOMETRY 1.3269749 -1.1776401 -1.8824214
rawODOMETRY 1.3226624 -1.1906104 -1.8884163
rawODOMETRY 1.3193121 -1.2002986 -1.9123962
rawODOMETRY 1.3143669 -1.2136495 -1.9393736
rawODOMETRY 1.3086941 -1.2279417 -1.9603560
rawODOMETRY 1.3000649 -1.2477878 -1.9963258
rawODOMETRY 1.2934998 -1.2616923 -2.0292982
rawODOMETRY 1.2877577 -1.2728281 -2.0592731
rawODOMETRY 1.2721867 -1.2993396 -2.1372077
rawODOMETRY 1.2598534 -1.3184924 -2.1611876
rawODOMETRY 1.2460829 -1.3387426 -2.1821700
rawODOMETRY 1.2364840 -1.3521821 -2.2091474
rawODOMETRY 1.2239314 -1.3683922 -2.2451172
rawODOMETRY 1.2080793 -1.3870557 -2.2960745
rawODOMETRY 1.1868864 -1.4093350 -2.3560242
rawODOMETRY 1.1676200 -1.4279138 -2.3949915
rawODOMETRY 1.1621805 -1.4329364 -2.3979890
rawODOMETRY 1.1484386 -1.4449048 -2.4459488
rawODOMETRY 1.1445100 -1.4481970 -2.4489463
rawODOMETRY 1.1383339 -1.4532398 -2.4609362
rawODOMETRY 1.1266694 -1.4623600 -2.4969061
rawODOMETRY 1.1081658 -1.4756463 -2.5268809
rawODOMETRY 1.0871502 -1.4892876 -2.5928256
rawODOMETRY 1.0674861 -1.5007862 -2.6287954
rawODOMETRY 1.0640127 -1.5027429 -2.6257980
rawODOMETRY 1.0630201 -1.5033017 -2.6317929
rawODOMETRY 1.0704969 -1.4991694 -2.6467804
rawODOMETRY 1.0928928 -1.4879343 -2.7007351
rawODOMETRY 1.1052894 -1.4821777 -2.7247150
rawODOMETRY 1.1374984 -1.4691752 -2.7876622
rawODOMETRY 1.1578259 -1.4617500 -2.8056471
rawODOMETRY 1.1752038 -1.4562641 -2.8356220
rawODOMETRY 1.2042766 -1.4481710 -2.9045642
rawODOMETRY 1.2169956 -1.4450414 -2.9195516
rawODOMETRY 1.2360008 -1.4413438 -2.9675114
rawODOMETRY 1.2416119 -1.4403692 -2.9795013
rawODOMETRY 1.2573862 -1.4380318 -2.9974863
rawODOMETRY 1.2658518 -1.4368870 -3.0124737
rawODOMETRY 1.2799931 -1.4352325 -3.0274611
rawODOMETRY 1.2828205 -1.4348938 -3.0184687
rawODOMETRY 1.2607643 -1.4375140 -3.0214661
rawODOMETRY 1.2505842 -1.4387205 -3.0214661
rawODOMETRY 1.2295987 -1.4406046 -3.0724234
rawODOMETRY 1.2136748 -1.4414341 -3.1083933
rawODOMETRY 1.1891886 -1.4417153 -3.1473606
rawODOMETRY 1.1806460 -1.4416754 -3.1563530
rawODOMETRY 1.1527733 -1.4404081 -3.2193002
rawODOMETRY 1.1329187 -1.4386421 -3.2342877
rawODOMETRY 1.1272506 -1.4380877 -3.2462776
rawODOMETRY 1.1142295 -1.4366621 -3.2612650
rawODOMETRY 1.1029545 -1.4350519 -3.3032299
rawODOMETRY 1.0895042 -1.4326218 -3.3272097
rawODOMETRY 1.0665932 -1.4281137 -3.3421972
rawODOMETRY 1.0403550 -1.4228177 -3.3332047
rawODOMETRY 1.0302743 -1.4209560 -3.3272097
rawODOMETRY 1.0285955 -1.4206381 -3.3302072
rawODOMETRY 1.0118158 -1.4174195 -3.3302072
rawODOMETRY 0.9782023 -1.4112778 -3.3122223
rawODOMETRY 0.9613706 -1.4083430 -3.3182173
rawODOMETRY 0.9479153 -1.4059380 -3.3242123
rawODOMETRY 0.9305412 -1.4028014 -3.3212148
rawODOMETRY 0.9018938 -1.3980100 -3.3002324
rawODOMETRY 0.8799602 -1.3945087 -3.2972349
rawODOMETRY 0.8681412 -1.3926775 -3.2942374
rawODOMETRY 0.8366298 -1.3877572 -3.2942374
rawODOMETRY 0.8084505 -1.3836570 -3.2822475
rawODOMETRY 0.7746049 -1.3789510 -3.2702575
rawODOMETRY 0.7666888 -1.3779991 -3.2522726
rawODOMETRY 0.7463408 -1.3754853 -3.2642625
rawODOMETRY 0.7282536 -1.3732519 -3.2642625
rawODOMETRY 0.7056406 -1.3704915 -3.2522726
rawODOMETRY 0.6994163 -1.3697817 -3.2612650
rawODOMETRY 0.6869754 -1.3682943 -3.2612650
rawODOMETRY 0.6830162 -1.3678277 -3.2522726
rawODOMETRY 0.6700225 -1.3661715 -3.2732550
rawODOMETRY 0.6452731 -1.3622570 -3.3212148
rawODOMETRY 0.6335124 -1.3600842 -3.3362022
rawODOMETRY 0.6184827 -1.3568390 -3.3751695
rawODOMETRY 0.5897984 -1.3494758 -3.3931544
rawODOMETRY 0.5657971 -1.3422925 -3.4650941
rawODOMETRY 0.5490776 -1.3366229 -3.4800815
rawODOMETRY 0.5324982 -1.3305556 -3.5070589
rawODOMETRY 0.5000163 -1.3167210 -3.5730036
rawODOMETRY 0.4881504 -1.3111733 -3.5939860
rawODOMETRY 0.4663904 -1.2999421 -3.6329533
rawODOMETRY 0.4559279 -1.2941486 -3.6659257
rawODOMETRY 0.4355622 -1.2816075 -3.7078905
rawODOMETRY 0.4317136 -1.2791689 -3.7078905
rawODOMETRY 0.4165707 -1.2690299 -3.7438603
rawODOMETRY 0.3980678 -1.2557443 -3.7858251
rawODOMETRY 0.3823402 -1.2435004 -3.8307874
rawODOMETRY 0.3748916 -1.2373153 -3.8397799
rawODOMETRY 0.3603477 -1.2245330 -3.8757497
rawODOMETRY 0.3485506 -1.2138042 -3.8937346
rawODOMETRY 0.3317346 -1.1976047 -3.9267070
rawODOMETRY 0.3136487 -1.1786530 -3.9746668
rawODOMETRY 0.2921554 -1.1535749 -4.0346165
rawODOMETRY 0.2815539 -1.1401763 -4.0406115
rawODOMETRY 0.2715767 -1.1270159 -4.0855738
rawODOMETRY 0.2390071 -1.0762126 -4.1814933
rawODOMETRY 0.2312136 -1.0623014 -4.1754984
rawODOMETRY 0.2195462 -1.0427359 -4.1874883
rawODOMETRY 0.2043592 -1.0153437 -4.2324506
rawODOMETRY 0.1913529 -0.9881118 -4.3013928
rawODOMETRY 0.1826651 -0.9670537 -4.3373626
rawODOMETRY 0.1764812 -0.9505176 -4.3583450
rawODOMETRY 0.1688166 -0.9272633 -4.4212922
rawODOMETRY 0.1662520 -0.9185193 -4.4272872
rawODOMETRY 0.1662520 -0.9185193 -4.4272872
rawODOMETRY 0.1693457 -0.9294814 -4.4512671
rawODOMETRY 0.1732460 -0.9449431 -4.4752470
rawODOMETRY 0.1777209 -0.9666945 -4.5321992
rawODOMETRY 0.1825538 -0.9970628 -4.5801590
rawODOMETRY 0.1837787 -1.0066667 -4.5771615
rawODOMETRY 0.1859502 -1.0316239 -4.6610911
rawODOMETRY 0.1864283 -1.0401532 -4.6700836
rawODOMETRY 0.1867744 -1.0566647 -4.7090509
rawODOMETRY 0.1867590 -1.0714717 -4.7330308
rawODOMETRY 0.1857885 -1.0930906 -4.7570107
rawODOMETRY 0.1847133 -1.1084280 -4.8079680
rawODOMETRY 0.1832450 -1.1225900 -4.8109654
rawODOMETRY 0.1824705 -1.1293801 -4.8349453
rawODOMETRY 0.1811800 -1.1395499 -4.8409403
rawODOMETRY 0.1784097 -1.1575601 -4.8889001
rawODOMETRY 0.1758719 -1.1709906 -4.9128800
rawODOMETRY 0.1740379 -1.1793340 -4.9398574
rawODOMETRY 0.1741688 -1.1787797 -4.9428548
rawODOMETRY 0.1776293 -1.1649693 -4.9758272
rawODOMETRY 0.1792763 -1.1589250 -4.9848196
rawODOMETRY 0.1852222 -1.1393041 -5.0267845
rawODOMETRY 0.1868049 -1.1344289 -5.0357769
rawODOMETRY 0.1906791 -1.1231138 -5.0507643
rawODOMETRY 0.2005037 -1.0976071 -5.1107141
rawODOMETRY 0.2020272 -1.0939230 -5.1017216
rawODOMETRY 0.2033494 -1.0907721 -5.1137116
rawODOMETRY 0.2085565 -1.0787527 -5.1346940
rawODOMETRY 0.2231420 -1.0491201 -5.1946437
rawODOMETRY 0.2295775 -1.0364197 -5.1916462
rawODOMETRY 0.2378406 -1.0214664 -5.2336110
rawODOMETRY 0.2459751 -1.0077520 -5.2695808
rawODOMETRY 0.2573279 -0.9906827 -5.3235356
rawODOMETRY 0.2684094 -0.9755042 -5.3505130
rawODOMETRY 0.2753740 -0.9664916 -5.3864828
rawODOMETRY 0.2850934 -0.9545764 -5.4074652
rawODOMETRY 0.2916929 -0.9467318 -5.4134602
rawODOMETRY 0.2935459 -0.9445696 -5.4284476
rawODOMETRY 0.3059369 -0.9312078 -5.4824024
rawODOMETRY 0.3203241 -0.9166015 -5.5063823
rawODOMETRY 0.3326231 -0.9047419 -5.5123772
rawODOMETRY 0.3543456 -0.8854698 -5.5873144
rawODOMETRY 0.3635129 -0.8777894 -5.6082968
rawODOMETRY 0.3868969 -0.8605682 -5.6712440
rawODOMETRY 0.4004879 -0.8511872 -5.7042164
rawODOMETRY 0.4173084 -0.8404925 -5.7371887
rawODOMETRY 0.4335788 -0.8310868 -5.7641661
rawODOMETRY 0.4491041 -0.8226847 -5.8091284
rawODOMETRY 0.4602783 -0.8170167 -5.8091284
rawODOMETRY 0.4715449 -0.8115372 -5.8510932
rawODOMETRY 0.4865929 -0.8047303 -5.8660806
rawODOMETRY 0.5115185 -0.7949855 -5.9410178
rawODOMETRY 0.5195455 -0.7920621 -5.9320253
rawODOMETRY 0.5357167 -0.7865524 -5.9739901
rawODOMETRY 0.5438762 -0.7840221 -5.9829826
rawODOMETRY 0.5498803 -0.7822340 -5.9979700
rawODOMETRY 0.5602948 -0.7792969 -6.0189524
rawODOMETRY 0.5818777 -0.7740560 -6.0579197
rawODOMETRY 0.6013478 -0.7697896 -6.0848971
rawODOMETRY 0.6169909 -0.7666935 -6.0968871
rawODOMETRY 0.6405964 -0.7628400 -6.1388519
rawODOMETRY 0.6677568 -0.7597942 -6.2047966
rawODOMETRY 0.6876399 -0.7583840 -6.2197840
rawODOMETRY 0.6887766 -0.7583118 -6.2197840
rawODOMETRY 0.6785417 -0.7588897 -6.2317739
rawODOMETRY 0.6677290 -0.7592965 -6.2647463
rawODOMETRY 0.6472292 -0.7591130 -6.3067111
rawODOMETRY 0.6614620 -0.7595017 -6.3157035
rawODOMETRY 0.7176902 -0.7634912 -6.3906407
rawODOMETRY 0.7239204 -0.7641401 -6.3756533
rawODOMETRY 0.7341058 -0.7652955 -6.4176181
rawODOMETRY 0.7515344 -0.7681065 -6.4625804
rawODOMETRY 0.7672058 -0.7710560 -6.4625804
rawODOMETRY 0.7772766 -0.7729708 -6.4805653
rawODOMETRY 0.7973167 -0.7772970 -6.5105402
rawODOMETRY 0.8111462 -0.7806814 -6.5315226
rawODOMETRY 0.8297877 -0.7859119 -6.5794823
rawODOMETRY 0.8401161 -0.7891391 -6.5884748
rawODOMETRY 0.8595305 -0.7957263 -6.6304396
rawODOMETRY 0.8654216 -0.7978575 -6.6334371
rawODOMETRY 0.8648863 -0.7976629 -6.6304396
rawODOMETRY 0.8622113 -0.7966866 -6.6334371
rawODOMETRY 0.8558322 -0.7942344 -6.6574170
rawODOMETRY 0.8390561 -0.7871177 -6.7053768
rawODOMETRY 0.8216214 -0.7786965 -6.7533365
rawODOMETRY 0.8074856 -0.7713161 -6.7653265
rawODOMETRY 0.7890330 -0.7611439 -6.8042938
rawODOMETRY 0.7623873 -0.7446864 -6.8672410
rawODOMETRY 0.7334553 -0.7244520 -6.9211958
rawODOMETRY 0.7256585 -0.7187124 -6.9361832
rawODOMETRY 0.7091793 -0.7055813 -6.9751505
rawODOMETRY 0.6987545 -0.6967411 -6.9811455
rawODOMETRY 0.6816758 -0.6816691 -7.0291053
rawODOMETRY 0.6590775 -0.6591735 -7.1010449
rawODOMETRY 0.6524904 -0.6520781 -7.0920525
rawODOMETRY 0.6459348 -0.6449538 -7.1250248
rawODOMETRY 0.6307983 -0.6271755 -7.1579972
