rawODOMETRY 0.0000000 0.0000000 0.0000000
rawODOMETRY 0.0000000 0.0000000 0.0000000
rawODOMETRY 0.0051256 -0.0000350 -0.0149874
rawODOMETRY 0.0489629 -0.0011931 -0.0359698
rawODOMETRY 0.0631975 -0.0014825 -0.0329723
rawODOMETRY 0.0802688 -0.0021788 -0.0389673
rawODOMETRY 0.1024629 -0.0030483 -0.0359698
rawODOMETRY 0.1195423 -0.0034972 -0.0179849
rawODOMETRY 0.1332090 -0.0037158 -0.0119899
rawODOMETRY 0.1445973 -0.0039291 -0.0299749
rawODOMETRY 0.1696384 -0.0048695 -0.0359698
rawODOMETRY 0.1895420 -0.0059299 -0.0749372
rawODOMETRY 0.2224400 -0.0088946 -0.1049120
rawODOMETRY 0.2635867 -0.0148050 -0.1678592
rawODOMETRY 0.2753945 -0.0167029 -0.1588668
rawODOMETRY 0.3044571 -0.0223772 -0.2128215
rawODOMETRY 0.3156091 -0.0246946 -0.2068266
rawODOMETRY 0.3492283 -0.0334180 -0.2817637
rawODOMETRY 0.3574461 -0.0357514 -0.2727712
rawODOMETRY 0.3765967 -0.0412815 -0.2877587
rawODOMETRY 0.3864275 -0.0441876 -0.2877587
rawODOMETRY 0.4295799 -0.0587873 -0.3477084
rawODOMETRY 0.4413826 -0.0629905 -0.3357185
rawODOMETRY 0.4845957 -0.0806559 -0.4256430
rawODOMETRY 0.4882457 -0.0822591 -0.4166506
rawODOMETRY 0.5224542 -0.0991478 -0.4855928
rawODOMETRY 0.5330581 -0.1046792 -0.4825953
rawODOMETRY 0.5571892 -0.1175242 -0.4825953
rawODOMETRY 0.5872545 -0.1337634 -0.5005802
rawODOMETRY 0.6018188 -0.1415509 -0.4855928
rawODOMETRY 0.6350553 -0.1591066 -0.4676079
rawODOMETRY 0.6609121 -0.1723363 -0.4825953
rawODOMETRY 0.6745167 -0.1795035 -0.4616129
rawODOMETRY 0.7120738 -0.1998324 -0.5245601
rawODOMETRY 0.7224602 -0.2057605 -0.5095727
rawODOMETRY 0.7540640 -0.2250245 -0.5725199
rawODOMETRY 0.7622529 -0.2301897 -0.5695224
rawODOMETRY 0.7880427 -0.2479623 -0.6144847
rawODOMETRY 0.8067100 -0.2619812 -0.6774319
rawODOMETRY 0.8221487 -0.2745899 -0.6864244
rawODOMETRY 0.8448920 -0.2944325 -0.7373816
rawODOMETRY 0.8554731 -0.3039592 -0.7463741
rawODOMETRY 0.8727219 -0.3205301 -0.7823439
rawODOMETRY 0.8858687 -0.3339590 -0.8213112
rawODOMETRY 0.9014996 -0.3513050 -0.8482886
rawODOMETRY 0.9115819 -0.3629141 -0.8752660
rawODOMETRY 0.9417801 -0.4021868 -0.9322182
rawODOMETRY 0.9445123 -0.4058329 -0.9262233
rawODOMETRY 0.9445123 -0.4058329 -0.9262233
rawODOMETRY 0.9445123 -0.4058329 -0.9262233
rawODOMETRY 0.9286653 -0.3835634 -0.9861730
rawODOMETRY 0.8920283 -0.3199208 -1.0910850
rawODOMETRY 0.8737218 -0.2825968 -1.1240573
rawODOMETRY 0.8707893 -0.2764238 -1.1420423
rawODOMETRY 0.8717255 -0.2785007 -1.1480372
rawODOMETRY 0.8849402 -0.3124557 -1.2379618
rawODOMETRY 0.8905383 -0.3285974 -1.2139819
rawODOMETRY 0.8918803 -0.3323513 -1.2409593
rawODOMETRY 0.8939085 -0.3382786 -1.2439568
rawODOMETRY 0.8994578 -0.3550390 -1.2589442
rawODOMETRY 0.9038552 -0.3697732 -1.2919166
rawODOMETRY 0.9102361 -0.3928261 -1.2979115
rawODOMETRY 0.9181340 -0.4248968 -1.3458713
rawODOMETRY 0.9198841 -0.4320906 -1.3308839
rawODOMETRY 0.9266814 -0.4673119 -1.4118160
rawODOMETRY 0.9301221 -0.4909824 -1.3938311
rawODOMETRY 0.9344752 -0.5214203 -1.4657708
rawODOMETRY 0.9371219 -0.5634720 -1.5137306
rawODOMETRY 0.9374204 -0.5697293 -1.5347130
rawODOMETRY 0.9372719 -0.5549240 -1.5766778
rawODOMETRY 0.9372894 -0.5509374 -1.5796753
rawODOMETRY 0.9391643 -0.5139758 -1.6486174
rawODOMETRY 0.9406424 -0.4923857 -1.6546124
rawODOMETRY 0.9419458 -0.4782075 -1.6695998
rawODOMETRY 0.9428759 -0.4697157 -1.6905822
rawODOMETRY 0.9442845 -0.4584128 -1.6845873
rawODOMETRY 0.9471059 -0.4369573 -1.7205571
rawODOMETRY 0.9507863 -0.4138993 -1.7235546
rawODOMETRY 0.9571291 -0.3832335 -1.8104817
rawODOMETRY 0.9627527 -0.3605710 -1.8014892
rawODOMETRY 0.9630131 -0.3594621 -1.8014892
rawODOMETRY 0.9630131 -0.3594621 -1.8014892
rawODOMETRY 0.9630131 -0.3594621 -1.8014892
rawODOMETRY 0.9645891 -0.3528120 -1.8134792
rawODOMETRY 0.9765657 -0.3124144 -1.8674339
rawODOMETRY 0.9784042 -0.3064257 -1.8764264
rawODOMETRY 0.9792602 -0.3037098 -1.8794239
rawODOMETRY 0.9814350 -0.2966326 -1.8644365
rawODOMETRY 0.9886065 -0.2720283 -1.8434540
rawODOMETRY 0.9998606 -0.2237882 -1.7685169
rawODOMETRY 1.0027039 -0.2092567 -1.7445370
rawODOMETRY 1.0077580 -0.1754641 -1.7025722
rawODOMETRY 1.0114703 -0.1392073 -1.6546124
rawODOMETRY 1.0129050 -0.1216105 -1.6576099
rawODOMETRY 1.0124163 -0.1272847 -1.6516149
rawODOMETRY 1.0112190 -0.1762299 -1.5556954
rawODOMETRY 1.0152373 -0.2518500 -1.4747632
rawODOMETRY 1.0158399 -0.2649926 -1.3878361
rawODOMETRY 1.0184223 -0.2743393 -1.3308839
rawODOMETRY 1.0244137 -0.2974956 -1.2889191
rawODOMETRY 1.0248816 -0.2991389 -1.2979115
rawODOMETRY 1.0248816 -0.2991389 -1.2979115
rawODOMETRY 1.0273210 -0.3079186 -1.2979115
rawODOMETRY 1.0474918 -0.3714151 -1.2349643
rawODOMETRY 1.0567031 -0.3959348 -1.1870046
rawODOMETRY 1.0584043 -0.4001614 -1.1870046
rawODOMETRY 1.0584043 -0.4001614 -1.1870046
rawODOMETRY 1.0584043 -0.4001614 -1.1870046
rawODOMETRY 1.0666184 -0.4195657 -1.1540322
rawODOMETRY 1.0729545 -0.4335766 -1.1390448
rawODOMETRY 1.0922071 -0.4716986 -1.0760976
rawODOMETRY 1.0968075 -0.4802177 -1.0731001
rawODOMETRY 1.1133218 -0.5081593 -1.0041579
rawODOMETRY 1.1241561 -0.5242056 -0.9561981
rawODOMETRY 1.1338358 -0.5375872 -0.9292207
rawODOMETRY 1.1502866 -0.5587015 -0.8962484
rawODOMETRY 1.1659576 -0.5775177 -0.8512861
rawODOMETRY 1.1796932 -0.5927381 -0.8213112
rawODOMETRY 1.1927629 -0.6062421 -0.7763489
rawODOMETRY 1.2050787 -0.6180834 -0.7463741
rawODOMETRY 1.2203928 -0.6317141 -0.7104042
rawODOMETRY 1.2451969 -0.6517547 -0.6504545
rawODOMETRY 1.2709962 -0.6705001 -0.6024947
rawODOMETRY 1.2836700 -0.6792079 -0.5935023
rawODOMETRY 1.3057817 -0.6932505 -0.5335526
rawODOMETRY 1.3211233 -0.7019866 -0.4945852
rawODOMETRY 1.3246366 -0.7038706 -0.4915877
rawODOMETRY 1.3296534 -0.7065664 -0.4915877
rawODOMETRY 1.3557758 -0.7192534 -0.4226456
rawODOMETRY 1.3906591 -0.7332266 -0.3327210
rawODOMETRY 1.4115765 -0.7406961 -0.3297235
rawODOMETRY 1.4229579 -0.7443700 -0.3087411
rawODOMETRY 1.4387822 -0.7490972 -0.2697738
rawODOMETRY 1.4531055 -0.7528506 -0.2397989
rawODOMETRY 1.4608555 -0.7547244 -0.2338039
rawODOMETRY 1.4842552 -0.7596779 -0.1798492
rawODOMETRY 1.4881764 -0.7603969 -0.1828467
rawODOMETRY 1.4892971 -0.7606006 -0.1768517
rawODOMETRY 1.4892971 -0.7606006 -0.1768517
rawODOMETRY 1.4892971 -0.7606006 -0.1768517
rawODOMETRY 1.4988440 -0.7622106 -0.1558693
rawODOMETRY 1.5463601 -0.7676876 -0.0839296
rawODOMETRY 1.5719402 -0.7691811 -0.0269774
rawODOMETRY 1.6152106 -0.7688483 0.0449623
rawODOMETRY 1.6362398 -0.7675220 0.0899246
rawODOMETRY 1.6509779 -0.7660920 0.1079095
rawODOMETRY 1.6786533 -0.7625265 0.1528718
rawODOMETRY 1.6971784 -0.7593639 0.1918391
rawODOMETRY 1.7005306 -0.7587007 0.1918391
rawODOMETRY 1.7005306 -0.7587007 0.1918391
rawODOMETRY 1.7005306 -0.7587007 0.1918391
rawODOMETRY 1.6938240 -0.7600155 0.1918391
rawODOMETRY 1.6882303 -0.7610863 0.1858441
rawODOMETRY 1.6759420 -0.7635286 0.2158190
rawODOMETRY 1.6560070 -0.7683097 0.2697738
rawODOMETRY 1.6413105 -0.7728295 0.3147361
rawODOMETRY 1.6159368 -0.7813531 0.3357185
rawODOMETRY 1.5956056 -0.7887672 0.3656933
rawODOMETRY 1.5725519 -0.7985742 0.4376330
rawODOMETRY 1.5531020 -0.8080629 0.4616129
rawODOMETRY 1.5520845 -0.8085748 0.4676079
rawODOMETRY 1.5515765 -0.8088323 0.4706053
rawODOMETRY 1.5515765 -0.8088323 0.4706053
rawODOMETRY 1.5713472 -0.7987102 0.4795978
rawODOMETRY 1.6464398 -0.7579805 0.4975827
rawODOMETRY 1.7110491 -0.7230063 0.5065752
rawODOMETRY 1.7017631 -0.7285580 0.5755174
rawODOMETRY 1.7227086 -0.7158753 0.5245601
rawODOMETRY 1.7344726 -0.7089164 0.5485400
rawODOMETRY 1.7585433 -0.6937046 0.5785148
rawODOMETRY 1.7721583 -0.6843578 0.6234771
rawODOMETRY 1.7822407 -0.6769197 0.6474570
rawODOMETRY 1.7992514 -0.6635426 0.6834269
rawODOMETRY 1.8247480 -0.6416626 0.7343841
rawODOMETRY 1.8364467 -0.6308268 0.7583640
rawODOMETRY 1.8389344 -0.6284841 0.7523691
rawODOMETRY 1.8258288 -0.6411465 0.7883389
rawODOMETRY 1.8043894 -0.6639797 0.8333012
rawODOMETRY 1.7899389 -0.6808436 0.8902534
rawODOMETRY 1.7647528 -0.7139142 0.9472057
rawODOMETRY 1.7514324 -0.7337788 1.0011604
rawODOMETRY 1.7393157 -0.7537375 1.0461227
rawODOMETRY 1.7260600 -0.7782907 1.1030749
rawODOMETRY 1.7136214 -0.8045351 1.1540322
rawODOMETRY 1.7082088 -0.8170862 1.1660222
rawODOMETRY 1.7082088 -0.8170862 1.1660222
rawODOMETRY 1.7113284 -0.8097485 1.1720171
rawODOMETRY 1.7124017 -0.8071109 1.1870046
rawODOMETRY 1.7213936 -0.7825103 1.2469543
rawODOMETRY 1.7293481 -0.7569536 1.2859216
rawODOMETRY 1.7330696 -0.7438016 1.3039065
rawODOMETRY 1.7362916 -0.7316937 1.3218914
rawODOMETRY 1.7406333 -0.7128243 1.3638562
rawODOMETRY 1.7447844 -0.6904271 1.4058211
rawODOMETRY 1.7471133 -0.6752280 1.4387934
rawODOMETRY 1.7471874 -0.6746633 1.4417909
rawODOMETRY 1.7490526 -0.6571078 1.4807582
rawODOMETRY 1.7501214 -0.6446241 1.4927482
rawODOMETRY 1.7513565 -0.6224498 1.5437054
rawODOMETRY 1.7514941 -0.5985327 1.5916652
rawODOMETRY 1.7505583 -0.5734938 1.6336300
rawODOMETRY 1.7482410 -0.5462573 1.6755948
rawODOMETRY 1.7463146 -0.5292814 1.7055697
rawODOMETRY 1.7415296 -0.4971743 1.7445370
rawODOMETRY 1.7402809 -0.4904551 1.7565269
rawODOMETRY 1.7340259 -0.4620957 1.8134792
rawODOMETRY 1.7295033 -0.4450311 1.8584415
rawODOMETRY 1.7266888 -0.4357675 1.8794239
rawODOMETRY 1.7200196 -0.4157788 1.9004063
rawODOMETRY 1.7151284 -0.4018025 1.9123962
rawODOMETRY 1.7119780 -0.3932524 1.9363761
rawODOMETRY 1.7067712 -0.3800010 1.9573585
rawODOMETRY 1.7041520 -0.3736885 1.9633535
rawODOMETRY 1.6925149 -0.3483286 2.0263007
rawODOMETRY 1.6889935 -0.3411750 2.0322957
rawODOMETRY 1.6833716 -0.3299779 2.0502806
rawODOMETRY 1.6769213 -0.3179275 2.0742605
rawODOMETRY 1.6736106 -0.3119488 2.0862504
rawODOMETRY 1.6651854 -0.2977440 2.1252178
rawODOMETRY 1.6600543 -0.2895337 2.1402052
rawODOMETRY 1.6479564 -0.2715908 2.1821700
rawODOMETRY 1.6443654 -0.2664574 2.1851675
rawODOMETRY 1.6356950 -0.2544540 2.2091474
rawODOMETRY 1.6329595 -0.2508104 2.2151423
rawODOMETRY 1.6260632 -0.2417451 2.2271323
rawODOMETRY 1.6197016 -0.2337069 2.2571072
rawODOMETRY 1.6075790 -0.2193457 2.2840845
rawODOMETRY 1.5992819 -0.2099575 2.3020694
rawODOMETRY 1.5900252 -0.1999010 2.3260493
rawODOMETRY 1.5781312 -0.1876360 2.3560242
rawODOMETRY 1.5522977 -0.1635727 2.4159739
rawODOMETRY 1.5437451 -0.1560498 2.4279639
rawODOMETRY 1.5166256 -0.1343566 2.5148910
rawODOMETRY 1.5115220 -0.1307235 2.5298784
rawODOMETRY 1.5021610 -0.1242341 2.5358734
rawODOMETRY 1.4870555 -0.1140404 2.5658482
rawODOMETRY 1.4692344 -0.1027972 2.5988206
rawODOMETRY 1.4524575 -0.0931299 2.6347904
rawODOMETRY 1.4444981 -0.0886935 2.6407854
rawODOMETRY 1.4339301 -0.0830949 2.6737577
rawODOMETRY 1.4201420 -0.0762883 2.6947401
rawODOMETRY 1.4077466 -0.0705285 2.7187200
rawODOMETRY 1.3830001 -0.0603343 2.7816672
rawODOMETRY 1.3803329 -0.0593369 2.7846647
rawODOMETRY 1.3803329 -0.0593369 2.7846647
rawODOMETRY 1.3787305 -0.0587440 2.7876622
rawODOMETRY 1.3450863 -0.0480588 2.8655969
rawODOMETRY 1.3296929 -0.0438960 2.8895768
rawODOMETRY 1.3263837 -0.0430439 2.8895768
rawODOMETRY 1.3181135 -0.0409030 2.8865793
rawODOMETRY 1.3010425 -0.0363989 2.8835818
rawODOMETRY 1.2845444 -0.0319569 2.8775868
rawODOMETRY 1.2674932 -0.0273787 2.8805843
rawODOMETRY 1.2438584 -0.0209659 2.8835818
rawODOMETRY 1.2186457 -0.0138499 2.8596019
rawODOMETRY 1.2082640 -0.0107987 2.8446145
rawODOMETRY 1.1829694 -0.0020522 2.7876622
rawODOMETRY 1.1659021 0.0043378 2.7696773
rawODOMETRY 1.1359667 0.0168894 2.7187200
rawODOMETRY 1.1250825 0.0218465 2.7157226
rawODOMETRY 1.1240452 0.0223171 2.7157226
rawODOMETRY 1.1084339 0.0292601 2.7217175
rawODOMETRY 1.0826634 0.0399582 2.7786698
rawODOMETRY 1.0654752 0.0460124 2.8146396
rawODOMETRY 1.0524511 0.0501588 2.8386195
rawODOMETRY 1.0332851 0.0556270 2.8895768
rawODOMETRY 1.0171978 0.0593560 2.9345390
rawODOMETRY 1.0004249 0.0626056 2.9645139
rawODOMETRY 0.9863900 0.0650018 2.9735064
rawODOMETRY 0.9666836 0.0679917 3.0064787
rawODOMETRY 0.9502834 0.0699378 3.0394511
rawODOMETRY 0.8787300 0.0753416 3.0754209
rawODOMETRY 0.8525873 0.0770501 3.1293757
rawODOMETRY 0.8434777 0.0772689 3.1113907
rawODOMETRY 0.8377849 0.0774341 3.1053958
rawODOMETRY 0.7883075 0.0800637 3.1023983
rawODOMETRY 0.7638293 0.0807921 3.1053958
rawODOMETRY 0.7348123 0.0820743 3.1083933
rawODOMETRY 0.7257071 0.0824331 3.0964033
rawODOMETRY 0.7075022 0.0832819 3.0964033
rawODOMETRY 0.6670968 0.0848485 3.1233807
rawODOMETRY 0.6579874 0.0850776 3.1173857
rawODOMETRY 0.6380556 0.0852724 3.1503581
rawODOMETRY 0.6158526 0.0847099 3.1833304
rawODOMETRY 0.6050433 0.0842098 3.1923229
rawODOMETRY 0.5647634 0.0807319 3.2552701
rawODOMETRY 0.5472453 0.0785386 3.2762525
rawODOMETRY 0.5455523 0.0783084 3.2732550
rawODOMETRY 0.5848009 0.0852096 3.3631796
rawODOMETRY 0.6282728 0.0967866 3.4261268
rawODOMETRY 0.6796031 0.1138409 3.5250438
rawODOMETRY 0.6770628 0.1124843 3.4561017
rawODOMETRY 0.6976528 0.1191482 3.4620966
rawODOMETRY 0.7271788 0.1295940 3.5070589
rawODOMETRY 0.7572351 0.1418528 3.5580162
rawODOMETRY 0.7732780 0.1492219 3.5909885
rawODOMETRY 0.8004598 0.1635975 3.6569332
rawODOMETRY 0.8059631 0.1666018 3.6779156
rawODOMETRY 0.8404671 0.1876834 3.7048930
rawODOMETRY 0.8466861 0.1917009 3.7198804
