rawODOMETRY 0.0000000 0.0000000 0.0000000
rawODOMETRY 0.0284754 -0.0001810 -0.0059950
rawODOMETRY 0.1053605 -0.0004225 -0.0029975
rawODOMETRY 0.1970516 -0.0010072 -0.0119899
rawODOMETRY 0.2773466 -0.0021125 -0.0149874
rawODOMETRY 0.3638988 -0.0037291 -0.0209824
rawODOMETRY 0.4538566 -0.0059208 -0.0269774
rawODOMETRY 0.5335564 -0.0082217 -0.0329723
rawODOMETRY 0.6195155 -0.0106975 0.0119899
rawODOMETRY 0.6675022 -0.0048718 0.2068266
rawODOMETRY 0.7097093 0.0087165 0.4226456
rawODOMETRY 0.7644048 0.0391926 0.5425450
rawODOMETRY 0.8402438 0.0854737 0.5485400
rawODOMETRY 0.9200035 0.1340767 0.5485400
rawODOMETRY 0.9822214 0.1720659 0.5425450
rawODOMETRY 0.9861999 0.1742851 0.5245601
rawODOMETRY 1.0024869 0.1836590 0.4855928
rawODOMETRY 1.0392903 0.1988433 0.2937537
rawODOMETRY 1.0834534 0.2070291 0.0929221
rawODOMETRY 1.0970883 0.2079723 0.0449623
rawODOMETRY 1.0982263 0.2080218 0.0449623
rawODOMETRY 1.0993640 0.2080764 0.0509573
rawODOMETRY 1.1292831 0.2118778 0.1918391
rawODOMETRY 1.1737611 0.2257989 0.4196481
rawODOMETRY 1.2101390 0.2469231 0.6414621
rawODOMETRY 1.2432090 0.2781200 0.8752660
rawODOMETRY 1.2611785 0.3037416 1.0521177
rawODOMETRY 1.2497276 0.2821139 1.1690196
rawODOMETRY 1.2385220 0.2451276 1.3908336
rawODOMETRY 1.2357690 0.2037312 1.6156451
rawODOMETRY 1.2432237 0.1588923 1.8554440
rawODOMETRY 1.2594301 0.1200805 2.0772580
rawODOMETRY 1.2838588 0.0851223 2.2780896
rawODOMETRY 1.2887385 0.0795544 2.2990720
rawODOMETRY 1.2891195 0.0791310 2.2960745
rawODOMETRY 1.2872312 0.0812625 2.2930770
rawODOMETRY 1.2623813 0.1131179 2.1581901
rawODOMETRY 1.2403702 0.1529338 1.9723460
rawODOMETRY 1.2283174 0.1932293 1.7505320
rawODOMETRY 1.2255342 0.2374646 1.5167280
rawODOMETRY 1.2318341 0.2767571 1.3069040
rawODOMETRY 1.2472355 0.3165145 1.0940825
rawODOMETRY 1.2701330 0.3511242 0.8812610
rawODOMETRY 1.3033333 0.3830070 0.6504545
rawODOMETRY 1.3388009 0.4045505 0.4376330
rawODOMETRY 1.3775233 0.4178019 0.2218140
rawODOMETRY 1.4176162 0.4224494 0.0089925
rawODOMETRY 1.4611263 0.4178019 -0.2218140
rawODOMETRY 1.4977798 0.4055034 -0.4256430
rawODOMETRY 1.5366361 0.3819181 -0.6654419
rawODOMETRY 1.5683609 0.3509293 -0.8752660
rawODOMETRY 1.5719656 0.3465201 -0.8992459
rawODOMETRY 1.5723192 0.3460738 -0.9022434
rawODOMETRY 1.5786843 0.3380378 -0.9022434
rawODOMETRY 1.6276174 0.2750869 -0.9142333
rawODOMETRY 1.6781892 0.2090839 -0.9082383
rawODOMETRY 1.7192760 0.1658193 -0.7193967
rawODOMETRY 1.7775369 0.1165279 -0.7014118
rawODOMETRY 1.8475460 0.0573138 -0.7044093
rawODOMETRY 1.9078223 0.0059948 -0.7074068
rawODOMETRY 1.9756524 -0.0513821 -0.6774319
rawODOMETRY 2.0383205 -0.0978419 -0.6144847
rawODOMETRY 2.1079775 -0.1472980 -0.6204797
rawODOMETRY 2.1880463 -0.2047140 -0.6234771
rawODOMETRY 2.2434267 -0.2447607 -0.6174822
rawODOMETRY 2.2332099 -0.2375077 -0.6234771
rawODOMETRY 2.2369207 -0.2401512 -0.6114872
rawODOMETRY 2.2373866 -0.2404788 -0.6144847
rawODOMETRY 2.2331931 -0.2375314 -0.6114872
rawODOMETRY 2.2057441 -0.2153654 -0.7493716
rawODOMETRY 2.1785012 -0.1848089 -0.9472057
rawODOMETRY 2.1584227 -0.1497898 -1.1540322
rawODOMETRY 2.1461416 -0.1125241 -1.3428738
rawODOMETRY 2.1431556 -0.0974419 -1.4058211
rawODOMETRY 2.1506954 -0.1423754 -1.4058211
rawODOMETRY 2.1633972 -0.2216667 -1.4148135
rawODOMETRY 2.1613597 -0.2093040 -1.4028236
rawODOMETRY 2.1607615 -0.2059396 -1.3968286
rawODOMETRY 2.1607615 -0.2059396 -1.3968286
rawODOMETRY 2.1607615 -0.2059396 -1.3968286
rawODOMETRY 2.1594724 -0.1974953 -1.4417909
rawODOMETRY 2.1583051 -0.1605525 -1.6366275
rawODOMETRY 2.1648115 -0.1212822 -1.8284666
rawODOMETRY 2.1571065 -0.1463211 -1.8704314
rawODOMETRY 2.1325842 -0.2239827 -1.8794239
rawODOMETRY 2.1046892 -0.3095341 -1.8914138
rawODOMETRY 2.0789140 -0.3861885 -1.8974088
rawODOMETRY 2.0494770 -0.4712214 -1.9093987
rawODOMETRY 2.0258922 -0.5304320 -2.0532781
rawODOMETRY 1.9961508 -0.5748256 -2.2511122
rawODOMETRY 1.9467900 -0.6322732 -2.2960745
rawODOMETRY 1.9173095 -0.6655043 -2.2780896
rawODOMETRY 1.9188688 -0.6638405 -2.2660996
rawODOMETRY 1.9188662 -0.6638383 -2.2720946
rawODOMETRY 1.9181287 -0.6647063 -2.2780896
rawODOMETRY 1.9181287 -0.6647063 -2.2780896
rawODOMETRY 1.8889278 -0.6981830 -2.2900795
rawODOMETRY 1.8253587 -0.7704522 -2.2990720
rawODOMETRY 1.7711508 -0.8304664 -2.3170569
rawODOMETRY 1.7271556 -0.8725048 -2.4939086
rawODOMETRY 1.6948255 -0.8926665 -2.6827502
rawODOMETRY 1.6781687 -0.9000501 -2.7666798
rawODOMETRY 1.6492438 -0.9085674 -2.9315416
rawODOMETRY 1.6062546 -0.9128725 -3.1413656
rawODOMETRY 1.5908926 -0.9122831 -3.2163028
rawODOMETRY 1.5880516 -0.9120884 -3.2133053
rawODOMETRY 1.5880516 -0.9120884 -3.2133053
rawODOMETRY 1.5874835 -0.9120484 -3.2103078
rawODOMETRY 1.5437560 -0.9087318 -3.2193002
rawODOMETRY 1.4708071 -0.9002721 -3.3362022
rawODOMETRY 1.4306970 -0.8875877 -3.5520212
rawODOMETRY 1.3895206 -0.8634493 -3.7798302
rawODOMETRY 1.3328799 -0.8184736 -3.8247925
rawODOMETRY 1.2691114 -0.7660035 -3.8337849
rawODOMETRY 1.2146985 -0.7192353 -3.8937346
rawODOMETRY 1.1664751 -0.6669237 -4.0046416
rawODOMETRY 1.1135676 -0.6042613 -4.0166316
rawODOMETRY 1.0568398 -0.5358840 -4.0226266
rawODOMETRY 1.0025558 -0.4684601 -4.0705863
rawODOMETRY 0.9759881 -0.4247507 -4.2804104
rawODOMETRY 0.9632989 -0.3864375 -4.4992269
rawODOMETRY 0.9590114 -0.3440284 -4.7240383
rawODOMETRY 0.9604530 -0.3213039 -4.8319478
rawODOMETRY 0.9605923 -0.3201734 -4.8379428
rawODOMETRY 0.9605923 -0.3201734 -4.8379428
rawODOMETRY 0.9605923 -0.3201734 -4.8379428
rawODOMETRY 0.9605923 -0.3201734 -4.8379428
rawODOMETRY 0.9563946 -0.3431288 -4.9548448
rawODOMETRY 0.9415839 -0.3830985 -5.1796563
rawODOMETRY 0.9193203 -0.4174403 -5.3954753
rawODOMETRY 0.8908266 -0.4460422 -5.5903119
rawODOMETRY 0.8899513 -0.4467711 -5.5903119
rawODOMETRY 0.8886318 -0.4478565 -5.5993043
rawODOMETRY 0.8886318 -0.4478565 -5.5993043
rawODOMETRY 0.8886318 -0.4478565 -5.5993043
rawODOMETRY 0.8886318 -0.4478565 -5.5993043
rawODOMETRY 0.9016634 -0.4377155 -5.6622515
rawODOMETRY 0.9320486 -0.4198118 -5.8361057
rawODOMETRY 0.9754907 -0.4045746 -6.0609172
rawODOMETRY 1.0286337 -0.3989550 -6.2587513
rawODOMETRY 1.1100725 -0.3985724 -6.2857287
rawODOMETRY 1.1852465 -0.3991528 -6.2977186
rawODOMETRY 1.1898019 -0.3992429 -6.2797337
rawODOMETRY 1.2000531 -0.3992621 -6.3037136
rawODOMETRY 1.2722921 -0.4027965 -6.3486759
rawODOMETRY 1.3349033 -0.4108120 -6.5195326
rawODOMETRY 1.3786362 -0.4269008 -6.7473416
rawODOMETRY 1.4326465 -0.4574786 -6.8222787
rawODOMETRY 1.5143836 -0.5072130 -6.8342687
rawODOMETRY 1.5787175 -0.5471963 -6.8432611
rawODOMETRY 1.6353313 -0.5853742 -6.9931354
rawODOMETRY 1.6685150 -0.6181695 -7.1490047
rawODOMETRY 1.6714414 -0.6216616 -7.1549997
rawODOMETRY 1.6721717 -0.6225357 -7.1609947
rawODOMETRY 1.6721717 -0.6225357 -7.1609947
rawODOMETRY 1.6689058 -0.6185852 -7.1639922
rawODOMETRY 1.6501941 -0.5914135 -7.3378464
rawODOMETRY 1.6324966 -0.5489330 -7.5806427
rawODOMETRY 1.6257569 -0.5085644 -7.7964618
rawODOMETRY 1.6278791 -0.4648417 -8.0092833
rawODOMETRY 1.6413813 -0.4190786 -8.2670671
rawODOMETRY 1.6607538 -0.3849676 -8.4738937
rawODOMETRY 1.6930853 -0.3498663 -8.7136926
rawODOMETRY 1.7459365 -0.3083815 -8.7976222
rawODOMETRY 1.8065754 -0.2669103 -8.8365895
rawODOMETRY 1.8814207 -0.2169564 -8.8365895
rawODOMETRY 1.9519414 -0.1697564 -8.8335920
rawODOMETRY 2.0229308 -0.1222326 -8.8335920
rawODOMETRY 2.0773252 -0.0837653 -8.7706448
rawODOMETRY 2.1357522 -0.0364673 -8.7226850
rawODOMETRY 2.1896034 0.0126489 -8.6627353
rawODOMETRY 2.2311900 0.0532076 -8.6267655
rawODOMETRY 2.2311961 0.0532017 -8.6207705
rawODOMETRY 2.2311961 0.0532017 -8.6207705
rawODOMETRY 2.2311961 0.0532017 -8.6207705
rawODOMETRY 2.2311961 0.0532017 -8.6207705
rawODOMETRY 2.2311961 0.0532017 -8.6207705
rawODOMETRY 2.2311961 0.0532017 -8.6207705
rawODOMETRY 2.2311961 0.0532017 -8.6207705
rawODOMETRY 2.2248737 0.0466395 -8.6207705
rawODOMETRY 2.1791519 0.0005440 -8.6387554
rawODOMETRY 2.1746138 -0.0029926 -8.6027856
rawODOMETRY 2.1581362 -0.0203313 -8.6027856
rawODOMETRY 2.1466244 -0.0329563 -8.5788057
rawODOMETRY 2.1443474 -0.0355042 -8.5848006
rawODOMETRY 2.1035588 -0.0815391 -8.5548258
rawODOMETRY 2.0738075 -0.1238979 -8.4019540
rawODOMETRY 2.0639893 -0.1412412 -8.3390068
rawODOMETRY 2.0634597 -0.1422496 -8.3390068
rawODOMETRY 2.0598811 -0.1487306 -8.3779741
rawODOMETRY 2.0376183 -0.1803581 -8.5578233
rawODOMETRY 2.0174972 -0.2012805 -8.6807202
rawODOMETRY 2.0162395 -0.2024371 -8.6837177
rawODOMETRY 1.9986359 -0.2168761 -8.7976222
rawODOMETRY 1.9772640 -0.2310098 -8.8665644
rawODOMETRY 1.9767805 -0.2313107 -8.8695618
rawODOMETRY 1.9699798 -0.2354729 -8.8815518
rawODOMETRY 1.9076690 -0.2721973 -8.9025342
rawODOMETRY 1.8284737 -0.3172696 -8.9145241
rawODOMETRY 1.7523976 -0.3597578 -8.9175216
rawODOMETRY 1.6850338 -0.3968182 -8.9265141
rawODOMETRY 1.6154421 -0.4345523 -8.9295116
rawODOMETRY 1.5290745 -0.4807729 -8.9355065
rawODOMETRY 1.4561093 -0.5194465 -8.9385040
rawODOMETRY 1.3854980 -0.5564789 -8.9444990
rawODOMETRY 1.3687866 -0.5650820 -8.9055317
rawODOMETRY 1.3648117 -0.5673087 -8.9235166
rawODOMETRY 1.3557358 -0.5720735 -8.9654814
rawODOMETRY 1.3192350 -0.5865089 -9.1363381
rawODOMETRY 1.2761442 -0.5941581 -9.3611496
rawODOMETRY 1.2209935 -0.5920647 -9.5140214
rawODOMETRY 1.1342965 -0.5833274 -9.5290088
rawODOMETRY 1.0538975 -0.5745925 -9.5350038
rawODOMETRY 0.9804156 -0.5655720 -9.5829636
rawODOMETRY 0.9306428 -0.5514931 -9.8137700
rawODOMETRY 0.8945609 -0.5321591 -10.0235940
rawODOMETRY 0.8607314 -0.5026544 -10.2603955
rawODOMETRY 0.8358683 -0.4680313 -10.4852069
rawODOMETRY 0.8201718 -0.4314630 -10.6950310
rawODOMETRY 0.8108041 -0.3840358 -10.8778776
rawODOMETRY 0.8096836 -0.3732732 -10.8988600
rawODOMETRY 0.8093520 -0.3698722 -10.8988600
rawODOMETRY 0.8085550 -0.3414257 -11.0247545
rawODOMETRY 0.8167586 -0.2805286 -11.1806237
rawODOMETRY 0.8249279 -0.2409278 -11.1956112
rawODOMETRY 0.8256069 -0.2375789 -11.2016061
rawODOMETRY 0.8256069 -0.2375789 -11.2016061
rawODOMETRY 0.8256069 -0.2375789 -11.2016061
rawODOMETRY 0.8264049 -0.2336729 -11.1926137
rawODOMETRY 0.8309837 -0.1952525 -11.0547293
rawODOMETRY 0.8335347 -0.1280995 -11.0247545
rawODOMETRY 0.8336939 -0.1201278 -11.0127645
rawODOMETRY 0.8350349 -0.0996783 -11.1146790
rawODOMETRY 0.8469938 -0.0470030 -11.3155106
rawODOMETRY 0.8639230 -0.0097312 -11.5253347
rawODOMETRY 0.8799603 0.0144708 -11.6242517
rawODOMETRY 0.8809672 0.0158512 -11.6212542
rawODOMETRY 0.8931235 0.0323614 -11.6332442
rawODOMETRY 0.9390620 0.0933016 -11.6452341
rawODOMETRY 0.9958686 0.1667211 -11.6662165
rawODOMETRY 1.0418075 0.2233222 -11.6842014
rawODOMETRY 1.0913390 0.2836074 -11.6692140
rawODOMETRY 1.1054759 0.3021843 -11.6182567
rawODOMETRY 1.1077975 0.3054252 -11.6152593
rawODOMETRY 1.1263421 0.3277492 -11.7561411
rawODOMETRY 1.1564264 0.3538114 -11.9539752
rawODOMETRY 1.1938340 0.3742468 -12.1787867
rawODOMETRY 1.2241546 0.3840443 -12.3286610
rawODOMETRY 1.2302528 0.3854788 -12.3376534
rawODOMETRY 1.2296979 0.3853505 -12.3406509
rawODOMETRY 1.2296979 0.3853505 -12.3406509
rawODOMETRY 1.2375042 0.3869715 -12.3826157
rawODOMETRY 1.2748934 0.3902965 -12.5684599
rawODOMETRY 1.3201033 0.3853272 -12.7782839
rawODOMETRY 1.3366744 0.3811790 -12.8442286
rawODOMETRY 1.3598636 0.3753313 -12.7842789
rawODOMETRY 1.3765880 0.3718396 -12.7602990
rawODOMETRY 1.3782631 0.3715028 -12.7692915
rawODOMETRY 1.3871504 0.3694930 -12.8112563
rawODOMETRY 1.4221620 0.3575803 -12.9701230
rawODOMETRY 1.4623052 0.3350470 -13.1889395
rawODOMETRY 1.4954430 0.3047695 -13.4257410
rawODOMETRY 1.5213042 0.2660220 -13.6715348
rawODOMETRY 1.5348808 0.2310259 -13.8513840
rawODOMETRY 1.5387852 0.2161547 -13.9083362
rawODOMETRY 1.5390403 0.2150446 -13.9143312
rawODOMETRY 1.5400887 0.2106107 -13.8963463
rawODOMETRY 1.5537474 0.1641767 -13.8274041
rawODOMETRY 1.5564219 0.1560642 -13.8004267
rawODOMETRY 1.5575316 0.1528323 -13.8124167
rawODOMETRY 1.5541736 0.1625177 -13.7824418
rawODOMETRY 1.5371265 0.1972177 -13.5786128
rawODOMETRY 1.5139631 0.2274803 -13.4137510
rawODOMETRY 1.4640629 0.2813990 -13.3807787
rawODOMETRY 1.4523551 0.2946135 -13.4317359
rawODOMETRY 1.4243951 0.3347066 -13.6475549
rawODOMETRY 1.4091498 0.3726883 -13.8633739
rawODOMETRY 1.4039807 0.3971903 -13.9892684
rawODOMETRY 1.4038976 0.3977537 -13.9922659
rawODOMETRY 1.4042198 0.3954986 -13.9982608
rawODOMETRY 1.4062265 0.3688270 -14.1271527
rawODOMETRY 1.4059205 0.3534556 -14.1900999
rawODOMETRY 1.4057966 0.3511809 -14.1900999
rawODOMETRY 1.4057966 0.3511809 -14.1900999
rawODOMETRY 1.4042116 0.3336015 -14.2650371
rawODOMETRY 1.4008529 0.3116473 -14.3040044
rawODOMETRY 1.4007574 0.3110858 -14.3070019
rawODOMETRY 1.3996394 0.3043437 -14.2950120
rawODOMETRY 1.3941821 0.2465406 -14.1811075
rawODOMETRY 1.3940772 0.2414163 -14.1421402
rawODOMETRY 1.3940219 0.2362909 -14.1451377
rawODOMETRY 1.3939109 0.2220533 -14.1481351
rawODOMETRY 1.3944316 0.1651121 -14.0761955
rawODOMETRY 1.3954590 0.1526252 -14.0522156
rawODOMETRY 1.3957404 0.1492196 -14.0522156
rawODOMETRY 1.3964585 0.1384235 -14.0971779
rawODOMETRY 1.3941514 0.0986812 -14.2830220
rawODOMETRY 1.3927723 0.0902508 -14.3099994
rawODOMETRY 1.3927723 0.0902508 -14.3099994
rawODOMETRY 1.3927723 0.0902508 -14.3099994
